1
127
16256
72057594037927935
9151314442816847745
2080768
72517132437047218723970615703408465060
97624051023422013007716688012741978971
137750714544609176717003485527595546856
93448084105115765535603207572393906481
109083568271213521210768055069267113444
43510163872713767994635962351982410089
112529538411227477860018557801149620961
14101481176527985877050657223773201206
52125069152107226642956752700272195262
54479990568435691957129400604293114901
115666385188892074602114376013882282986
118675536009395928188402609606606014785
57027939575931586584787827568892624959
149615940395962617909558976862352350951
1171368248680556511360
154583505052841128933093526874354717761
63460959628545286793957775773413870743
2147483647
1237940039285380274899124223
166468290407868286380576967458525277878
27915067350654003674128919869126430791
68614040635069418873599265598982456774
83302745827290827605036267464357992250
106423857305954663379249808737154260955
11248852752678118181003279744991631732
49109152092224268807989636118028348082
104010565803001258605376365184452197281
87002205847037008049719401466143034458
149640010475135946900927209590809116592
64888939251909297272039768934980104844
10109644023975854441322112032873559106
153185174434473602066549604931774619016
157218384989243294912188776321
109069737857555742855763843417023902844
272730423169
75757828245030184876868095367599801391
55674187900372362905166725128536806523
56854388449102424066507043566900539441
32142183300983302912823358402888428705
122090670901557862925015686482846350885
138100539136353198827306096774564817685
100790934082413401027131124086656246058
51536178942465180504256980321577527741
51076535457081376608186859696195703779
94250903878401463961374611757793923285
94569045076705483157124409378541818422
100754974526548927342456404908110920434
141817775942505704433031398717227251379
75572138383763748574562894371433590217
166087197410679514046482088811151429
12132769772791681214178509327816839347
162654766654145293710925220748270877551
7699026362368715464282616275463559744
74351807860095828846984035445499268383
103327886623131627497953558274471159717
123711719234625573970243074271507277262
82350254125255211668610315147595814886
27938046514580671242822381683856373505
61696172002974491110888014101390617644
35359619705736392200554526773777154564
16939083779097377625993030129184288637
142808503006055235397878747825999340393
18678289701809530066716077060683497445
152244597303030304839225314626492520299
168929654380176007750580716874453505907
149478287855243361042348836538665155691
4025497337771289277650799070166791382
49897725274515679179400288299442507449
31814330727735628403935119118261566230
74960037224806203308111469103801111596
100859833847466455958005982267128329488
42884000116655916800564552786742292757
105663498299550890048655625302370224001
137074560963864924115264991291332078333
50321862650394061911416505425588510446
23832845846702120081703186056660516064
21787763654101901759953356735467933280
80733749636610391147133592947439926032
37332598213964419541451364760245078959
113010990621375488594139321193469284110
118052727344838203628730547789716399930
113699337629569528939690504062964635887
36169511084935730271536219199099416584
68179877120146207264057708839001436022
38520594438571697967478564564361147139
117506534986124947855658424805678784605
67822548611388202302221132216514754697
107211577941039276533556389337224765864
60150015610192974802280784347249206790
64437833631878713125615819873725674207
88666483436765458712625853861699163278
150600647588352468092582141752213761085
157140113291547543252650726199622644017
112347942705871231580145132018147991609
10593937156535923540879386196448355014
96076905938562671409482168688174917740
159328759679113021717878787152065676240
115320149433238514218759099295773966076
100021255088980360767816204445779973846
58127279711901649916881279405017716231
114332521274556464574256677899001250994
607297625698668258432318962868961283
61019452944487961301356134891101649435
67681776598312887005260518152663890677
116537191963895770329074033350429953784
157819767526559773720349358897527305159
170083438229221004190427054033012985158
99978935222679089903559711755528533022
124788369784410546239270115410303034142
23626401645875840007357596167469553781
59841755904816446122466464701892714812
131298614918487484502395691736279361188
141588815267694736607150340998012899643
31963437954389034892559526695439460334
38887703460024561504194496205758939885
146595450537264959525898632671604759337
129504417876965672765163717064409108071
15951740354056417122401912932029564998
89279434773040432660325455120164771892
59848051227077545648409096566838849125
119066947104548074566735793123200069373
138217231402549932279642158695000083832
106833129924611892341180362414557045856
98162103270312385551721600837751916640
131594483967498112650499744534128349569
32101384119712102605349696503373434404
104474867189056575861665714725277850771
77572660997565999780546217004447313382
38426696335638658792046340097161949148
145766611179987292869256587137841620627
85195662485506382142196805932621078347
143785868736726391559253667471070127842
19015656779170064687258657929539539221
71090776363189938142008548959857109560
71989314391192543542512379724788525136
122382072707702137618263461492834682595
61462611562819995340049426437765296896
43763075157779097376515140117747907553
131827144825014144949859620743721434786
26349412020711121073962847801102987339
154779653230156742016469552250344939501
123681160412767035940454751246003897611
60505858413727453309639974352161314338
83785650600965866160824837596717769866
63297041258146485359952757073147194126
16446762666059904615044869696974446756
115335552823056375115992904260010599981
97567844462044418104231566128713255351
101892653005754800217289650974329167566
119576857670210291881611290826626300495
143708518254826398615616685491686553370
147802967354855456267688758910458675105
53717956850783031424671351559535430360
22685270645593872680005820950816031582
160363853020594946821865954784859019176
131740973124439074857083266961101856844
163041954904003462866919775007846211782
101675555682661766584093943757182818270
25269242120127406655328954859657831397
144845471958370978741924027360514167429
151704008633377433485495150353182308883
42028286506720479854504445414653979518
108565177116913839872268533957333527941
78852949960349499660713428087659082270
148396298881509203086198785194683682320
53444199104143738043651319114313715665
80867568062180774160294270298624100875
37641856988652841853853386831073242152
40438865377762878062831693347084303636
79447466984195310186309995000482400214
64995359001536124020881740972223211635
38391155394144474463611730248689126156
2635747927984256612083892656838011207
27261627087372355532904494666979174428
101651097507963620101574017690695244423
24720652191514255914189145149995570746
163976106466879740209420573323081479938
153479002279497025148787072477165596578
46884917852964235390977343496091765035
104912723762162670699750729960684734247
7824510085064557811176318651675181766
39072608060639144572189284745016904824
123610793834609140778378868539401846189
110825864017352274901411369241825134085
116565974912229822208199174107223485976
19953499459980412047574679050851378017
31233204803559729198352386911950592030
14243008838632263713784451608100219070
70629843251155720432336853008481216779
158350501544011498310041858424328926541
169055081342236459953727727813543936769
118469654165431531045146072126749953136
15775162696412139829578591238183387843
111921505957701700620641886412886601940
61701539322514242614911010363856613431
101570914482641494111164184730624440226
103577755990889874945611087484128697098
36417070634032637419292165311621497547
2941926779699003957167909890801902212
47324113751011873736497553200587205761
51262630874726264848821100441818132888
90073960504598211804177334549701060342
169499685497225846222599101028815506031
81847728583263668907557420600587455388
143219202294228574125516577957907168076
124783104972346887899409462145457108128
116202253322931207742240820992817617966
166084775672734999689326630389520697163
118081356778573766425165272437812711469
128248863181403358917310258219104587486
115828653239898340393116726306287985723
83669643842180315257860016302931470692
68794434308939999170974288525469294352
60641747977965114721252186302816690826
19602186927058596537013761336394183197
96514001482743934058692029860624092694
18101046440461319963741778693673181290
70321586895356974711774298968511381892
49182366319486697005238757786135129146
42009105532370350641301277992681796100
149177255984068617580516885959312503196
23616097867630567558392215098128763796
115913867040143158529030683609272615600
34302236701029081925901142965579548178
56016612056412716628958134876270883194
10485878077039051273350844421550331680
5896429203855328307393861352762199199
127562167750679295270272408115869058866
163353101166387187578877681927769195737
2085568936823689261939635579363289850
141043256213563697863099707377306906788
12240151089684401462635920200196132193
110592544178126980578298948289233976057
105284066686865034456109921401875248142
87380086302634052977947284255684302268
45079173738905642163251018495444806862
158736288218444137319005655677044174814
139321045958195194549131641947770962873
160010078962880866489465393776697023385
91553932822711581703699754553315303697
12916925141863857618579950148131021229
123007793045652759675271984044074278479
138558067226685356076959611061234169953
29119247493028188176531162370991310972
138343405528316430372551569282042131539
165674737766250931998457082560885877252
12717136423271261469057263253372821316
166379840345691150179380712255280263497
36645298601856561244459908976238477384
84096306851653794177534762536042157272
55706902312003022570582143079715115711
107940252318750245916397428861346101216
54117406069505165480444177358046350418
13119220526682440776769841539944722955
147315236074712241409037492765020477578
14191235666220349662894583624296363229
72902248152324832234350231216864075821
161629644875347697607940740988450538511
150976547548858977485317355453445197561
140089102183119279055693046794893224795
40474036777821847388662963398739982747
90360374206898156463426151173319108300
94239427793279331019109939851775313717
65392121401043081556310980046319108639
34303050954871035446546355243952159869
120907857826278730026564522879040020349
118851607820464372548306728399105059174
163314026707116359743077591439326000246
149871978626994894146185554493948959527
58170035077415451015794426220402216115
128721559749434651808649589928285736963
35595656145250048972277159371512132666
143018471854376941159027070091838836672
11901065532825510939925343859136377784
123400566082062181479996918435489345140
71703733247959870286092936597636242303
14398339617546583387865260776305034913
6485062280198733003378901179248691830
55711853147075895328185324438135163893
163702656337209159293227300409098960144
68663874914224080173177559519492016231
123720298808141910338772760236512933797
108865312927895961596850242998915617646
30464251438212067509671025584279960051
39549484346714938758578204486657962016
48381165465660517047120904301408162355
61558904260919293856436964675547130946
117896266749894724401697020892203968422
66307619822576430956679620755065229181
88492655029966845018684815848841903309
125134531621449525293473588515888935628
138792123739382885260806946347473271659
128940393942773339322141124032273843246
13120434438076171798317952390318629577
44855835399468521184968600566214009851
105313592031882995923669531821551180591
29887275142610888815538940320338911677
152113672086434299727170326145990313608
80887669180484566858449616305095596315
146535700349714294580611560992950833700
40652285358233033215546091918349369802
55817371779177479980645324135268610166
109922243821387397746770988735813379291
56071021277678080256942417817167031218
22767115805317808007262047041090318223
26157045182199004597205335156723734569
695697404543141722522401465410805274
16608101571355818541065102062645808597
19169188223826184219625692855199070590
64504378259978459193091688147138014625
72081975920497425377402934944869408581
71145743866715447875793083367961384134
125660151259725436016957061175925764960
45693435521908407536267657423144431609
16248853393712963196599183818039503260
117080845286437331382087799664552141273
78271216918363872750544496748003900160
146098575964361061008112050099050049567
76336060213058286955237007053286760525
126167066827018223012616411770126609712
167819077085741267114537708194896698230
31294407975086206555337943416797131061
80107565947558408179656671921033540644
34867648557013424826264020023148786464
70953315889185312909071257573708590876
143864526849457280564230380878671985095
60478519516274044026160002722355015753
79261132650632116014758700499822369068
157798681567071652588981023705732664986
123834574999542152720884379869041624098
18466351104529201091479713851889910671
41130547200761203497592082011762744134
53431892100126609419870325998321749538
81627927193982424971687489364558581673
9798298263573412387909247319235573385
32391156108030363353804485433731875834
83771451136477679464356408195123547042
23010425308077379306038584001938698685
152357287182711600000812033891673979162
122577175681834373862777638593802810610
86136587601675127840962701681877533269
138942524962482760509840563087022908051
44601956899091818540073072880815686130
120570072584179918786774634249689242868
41657444301764779924411119074315952203
84837765709532244374163895862253106608
165181119552025293480956084931136683621
74441011765991534150092459424957047182
60605481731807639849377382237422411425
166702014621407623546627037156339696861
30657996701096107123813531862458795574
113404028395980059207980810085367161756
118704990819016744854589680265179784507
46216023544734905651333012259437245459
5003973020887535560557389373523820801
144454950069327512257790262633779179426
22378185132598352885337977541060954618
33101470257029966065145156340032534403
92652181767239377532962082417749697796
155363275793105967583718377931070579191
84167741900513288770929095720748548482
19798242676936425589894370051625902993
143358748770535319505402821639538621265
129566443717518648655316354627925629720
74201816152456143615397795832366006799
167965736015664887281631815242551317717
84843084148237755325451241973205871834
120403990530532709329218973709304820360
18947624617735818613902420989871670721
18748210258094925094866979996256973235
124913887567147372350613813465384537565
52403969179665579238407478596344597688
112609558560476643917395315422092425253
30025393538408826995641242070007881274
58560303676499895091696591903158832387
136513761515070151545536364162225625827
24230737585830578569217713629840565917
126539766312128635666234181759095932273
41991145346048822903200715855190385915
78474691648580780059995885789814658141
146965352594402751009142907308885886198
577275642563848849004843253932972025
13235092289556035074466456079693270006
146403896667773765177574203931285048024
55337427873579608644728135314715996144
2026853653645323286580073987941211755
125686828127544132760439715046110919984
89696004755706374834868672288759459288
30045855291414020923192814545546757862
20424591690706797169282068685923736612
18485753612774205226467359768810180061
39536289798268727320755609159935270816
121854412965594483686443288539208346032
109159831799788323762957995178516719286
88594420185864396663671146751561115212
50880629624513842997572539325213840718
152200775980165949411918214962681767278
5232334782259000831611394076338946826
79288520328891448317550716964926476423
98784682893334370322464176605415188968
159394471513154428254035631708807517610
78119987808757014071296705838218991472
25176341541870673579409447988576720387
167508730007090336061958179201313451075
113233970716974317154941722994927685856
149886998183490049568552597837232865792
78242654497447261778660573982752723622
13827608412695598210165467555202467195
46528996479535893762096863543320346005
20717529831056763883446697518374258206
139580772605958495444734800953188201005
82128785378783086499876125526229651372
86746390082716345283903749889095412060
101840925998463077501481499174666072963
122826345498346611011000939147529740826
44636961670735703707991788292675351175
42731582045131922930936050247839739244
83555993156560023896141389381619034531
60566148715744769410243639351241986612
118255671020344386178683698253328465171
80498525241201186846496434041300078027
169349863057817727406445075682405954378
37025679587840206923433617176985312229
33320016573430038362263144790046225252
87395976252870904654349367166242075986
91323489830334086435459508384945000882
60441338205711176841091753709632958855
139919226649989702305364503085198601960
157828205261191718620409468000940265837
160750700884098648053708845163812115160
159978999461704646262606113912280351328
101872340424536888195610616368989347696
19566925302360647627520934108669852235
167064003539251066560668973137648989084
70357090806293417434643882419208568788
157133019225126098848688418064172195839
60271623136876604873405023657389952837
102743451765745306513009748077409371439
12557786737655032689115780362570494090
4681689938629122186043316598989113127
124375167269780280844254043837097659882
24601858225926626480370360059599970653
153219550840157831189289877713225475494
155931311695216456245088395945052711845
8280651729273572468911299394541496239
97651234359936084669859616923496361350
163611357442047877231224481525796168084
142292254848302268231065710274804117313
65030314742121350670621392270865164498
103037951269620892075723548989804350030
127548691138937292089189657082041469225
155386569715063542793695572504659601416
58544702813536013906435421691285024385
12656600668650635939636363470519606632
126367209811742818237292024350422485935
50311365349233622560244208874847609076
158051860743427255283094204210246262733
143279558939203000678779958841406882706
48671621776089683792168259072480730164
43138065589385927304366038778703197447
124531556923399586565639900262661440773
166029836119881517035299454680963904789
63301461770522878294056454551461262333
160079125935499421382579897697667995073
150098000431859979189401903220790864137
17600175542575279899510763664337162905
25580337141028273544790884490518638518
11609652009584620744622077527365197787
143456378947347100066821253242750182981
132245044539372207350914384471091622862
8956590345474074300554600421229779574
29409860663474963262064520790077509851
153646560379535350121975172751123554218
95027823110661138474571022202081080304
122480649347034824886405557420763345319
159302928668833507384414593099534867848
149935135831111233454080
87290392868913808256507086857510600435
101600833535072383895263862582325118422
34664578617363694314175020124439117744
29093886527466413273243663264090060954
16026017994875399140761954217272012352
6385091921258204392567715167198090133
34101371622753379962885207505457646762
20899338640130599826080286193912512169
20844086718463274913212026751428176230
119255239728017749992876963413746452835
4061020031193653200026476170278636580
113690682316781735311495960317674980184
151646642472722770651296961855012770046
59323157748054043764218421630855452759
57281430463220164365050717459691085423
89589704502813902865639136811379406027
157149776547832615618131440333021099410
21293397225119154399425280958190709592
79061049836834187788714066855159278015
130156454207836929573495737066731711942
107398023669450961171206884427940042592
115432591903824557324380565496250809236
50019482197468747691349779596031260084
122063194982105693173458483113785509318
131554236150314601117837464348667034724
116861333903560428651117089624567695253
4125901450116101002523991892546022770
39308346803246665925630491137005167209
159776588379083676797597218704125586792
115102135273749523596625084676976393197
29704492602073575664941754883595876359
164970928915683922211424956828658703316
64675150005140017372344714259116024862
118001528186974347336948426335418941570
31720723875857754381228064392229453869
150186372796533344786580546501204680074
144257166334351879844148581818260235082
40772204070530134486734000145788380976
126659853873692570039168402181203731532
37641892209096468443862247247038506380
124898910597820274411121635517611590172
42771710349440381492350924072803008572
43885813362076855302678746038602492782
91490641485912140932860981543534692124
79141714933852814713016290758502704418
98509356398580000848163625942963870601
62487885337407190964095318893662461914
167242454561928191054451358405945090334
128630811315837556800563812625473774918
101202327465409987641927850477451494459
112097372956845395739041722310823703464
105346359422349006720684364388357032452
105170420064942799708788880434237901844
83886327560739094200378163269188836910
109563111482059289268615951770082042041
121771060913817023760795148227840448094
21889728433571633336604695326356223817
88326006479632107157827799747019957935
114794388271099069612532962334198471835
123629481252932719833457935208958391372
148252867281917898293717978386970987927
60739167429966813495086626632206713611
72029887408608699464718558198090473308
3096173003498431638380915730272024924
81895735922158818939715866482455135154
37507717504954725160975247795741928564
142023777907827725246779183776964683563
119121710920766735768903084376367704109
26751012829383734259444587794020770533
150893521682097997208735370349920698913
134186140613190373227365268377629426833
62600044220872430661117874632110318369
120998540922387218272281029324697182701
137670114633285195371049723724511359207
169808493914500779310427708788907789524
360901357959723649695433455571025185
32914883620022802312599634404032543203
67073174429511790666979471287985561216
105667193142935688473854457736559407926
87799885890025764499675193216925008591
57184161324964510443243418759396294827
137207350180942771276839889576076433314
94389542123663357822452247196917829434
146436719771568750354187890893889287952
160488924585199873142093133785054978361
108901340022800757120052321711576223083
38331493218712660781784844454834918325
103977927356019899283082198230583566641
20264540447387752739957827099090642768
117786882619005099513697791360746094144
126422777192401848415674852881319780841
32710881291621443411617040701934457964
168858711003037352108203931727854236626
71200098680580709130885705755980016378
141228011926820135915790882766823118269
10059757362043798499354552499001655391
105051800614157696323834506370507757080
117998210426701811748077020657081031896
43709801891932920701468904314611694202
107956759654192608978956782345631091185
134358733034290884654348352062747471006
123166578500840140861334425763646372
75766084015410044905274698860141928550
31070677365974280792370673271547296767
163609707991695639920799887796478208362
95929206112547741491617997797059665678
147457142233601376965049529870087192586
123102115658177778564705794344926248862
76173303989432937372707090120502641631
2800258569875168793223430726151864680
125937610660620421032666620393882021376
17543467766889930810573402202170826802
36445221087725189939840453414863653144
127995725526237923465137288096265648915
87121493012248679182641622802418904425
153776122958381826304257914348075122098
85364485423194857504551176178770674307
54822497464590413973812967553559507137
159367568184120863621780470034136573988
144743070109205528879404584714963438473
148432806702359856533843246124516538804
59967292969568210564920590401766914983
8054223075238644417949407480066621045
22531353435555635762483869725032585095
113141808955385899527078959682755212552
61669930846054809021880010038673103661
11221973472943243615970793827080415810
15325682528069031392730089035848252731
64270777420241162634782302978214424049
132495439980314441800674117078209610481
78200314479820057733068134554092150415
24227073902638139062329380470408376495
169861832156419274176845811960375876142
17591119443314812690097394324322729884
82908653473879542373697884249167130162
48649020134738512706583771489879174878
93358323587989843404330966313274243737
24901866342657222550430329054658346217
75093459962407469576718173780508746078
94574821727880232727232521177197338949
123594598284352372281871854299794582777
17735272815063718232220569134629871375
118176245685332357271125597273350979989
33620514151268911924084897400221805710
34234236644445818402281356078192655828
158333670531687636717099623486546217939
47514776787275578008306279378843075642
149467614420420168851886465275438744987
149669895520904936595498558382708076781
15880022711581943076765738612699109269
104224772741088218382284368564356267240
72300645799434488791588597993965229482
6364651827366198909738876290590858363
75524494646962019123738362806676106295
83921397099799600524162064210755057618
87439333276526879512482753318077756819
20105224506900838285795402143188795867
1277770237008453206902103484891285973
2250900565518415300936957432566669027
4089329379322611333384412278792207579
79523892373923536587027008974445031579
38559587149605200659926766328665024194
50930166441226578733840952180076113814
155284843382897805192652074057864172200
57361540183061352178885096532274303903
169913139654099822648700263352689925350
100079198706234068880307886527430566147
127947560106211551895759150299128449899
41582874128708294031630559665504905693
44672713201745110981879026687958003595
156059001522554833890789794889934587184
83652097404865750408461484079580168733
157994860704646438962170823105698120431
167433526308092389008014212934723128066
133394950694916464612337704091019142024
93490526989037908276489266701039563078
20315849733918916557062315703459331126
16172437117489610199726811108565736553
144666372392823656325765345347723406519
105401176496384928699944931920824759243
18152249525315481958474332852285069671
58814483312360317601844291447357312475
142916107139677619634999844461243455932
125078588352948517434627842963421496284
166988709148617351879925350759783658108
81712598753460773868836678586419528404
88834136863592471184548230487138453880
45367483982837371279384248102805565805
143734986382282274851081500075835283701
154790876889414166443052103428210539172
141043063476913112484184166802563710159
154957810425478942244205176082791091947
107795059007336831898386982953280450678
59311984949172031859280034432330139985
13589861307572380405212941779638248301
90492902939854819751493831196153156241
156928259440945492550503369720956427920
139426399986431818966500507418146744443
134535755791052682416870963545976223798
94121731497631457556559546894159230457
150394687241995813248049784434213257825
98160311593981501621577188755624349418
78394634894397768741722670688954621478
4378412581074943147628685601498768601
168108628252598431302266996335530324065
41333843975658118801480540468052444339
115849519876487283665293063314664738153
96563348604934690020575050188921213360
169520812995664208475888855817919920431
157762921544167660927525106522894188053
8265767099584204504527019712435913956
111666238904523228455120441792634421117
141770867119036939234628493748628196866
105992163001629677213439447319398092880
162855347548765818076902715040171414399
116480840354023046814449801915622762061
143665555901579163111210567094295591463
32147097959839255871983647861785390331
121008510237851549498628484428518131745
41361948876432995017650504091914107814
85280465883554213950950781834361988445
54037802575519815561717133764256227426
98009382620008163068674703024991778458
972871690867468450967030477813378651
32416249383688177920165248651454597775
80143456083370480857344195924882506146
4371950594505162828541108758092047175
68398875641843413443445475481311097318
124502676907189880565394673704147843262
123075995934256145115603013052963284242
65820671342263116225227692299731335518
53735885092735028129635279464706612427
17763489750338503874152604703286750395
2955384747141555990207681734135646014
161984729304959215329440940161726443984
114607401758121842669915066355097928701
121358097506232090243879928087719974303
114108965801633360561764557317290721653
129836160717139260392354379096394214305
147562698428854619635763694188100638164
37820058301034456900525286108387341794
10773615276367559807293215919629653979
81904534614582821348105358984259606979
168314030508584646022428405575720203715
170029090015805816491111217493702717083
4670835411342740183462803429356178112
66122526418364882567589920650356501719
51478688231133631392203377399709227378
99574003768954739205597416520827968082
94729510511931286633952114113408193645
63236058697022792436247483736999367259
145773608948141646892877134816681590528
137152775714366302138462472268402144734
63084769712686119802261555517222316644
153462229297151758024883490866504565070
166328911175143282284593036963594880394
81280920215370614787170484513946731525
50963683921732393977520656439297796107
47150310617350581340241931091937400935
134139009358519242524347775962314930565
86775901934211975871876112498390570083
155585629196571491278300118169096441191
55535445550614143349298117614626499411
137371809948382091036880913251317959709
